0010111100001011
0100100101110001
0010110010001010
1000110101010100
0000000000000001
0000000000000000
0000001100001100
xxxxxxxxxxxxxxxx
0000001100001011
xxxxxxxxxxxxxxxx
0000001100001111
xxxxxxxxxxxxxxxx
0000001100010000
xxxxxxxxxxxxxxxx
0000001100010111
xxxxxxxxxxxxxxxx
0000001100011000
xxxxxxxxxxxxxxxx
0000001100000111
xxxxxxxxxxxxxxxx
0000001011110100
xxxxxxxxxxxxxxxx
0000001011100100
xxxxxxxxxxxxxxxx
0000001011011111
xxxxxxxxxxxxxxxx
0000001010110000
xxxxxxxxxxxxxxxx
0000000111000111
xxxxxxxxxxxxxxxx
0000000111001000
xxxxxxxxxxxxxxxx
0000000110111111
xxxxxxxxxxxxxxxx
0000000110101100
xxxxxxxxxxxxxxxx
0000000110011011
xxxxxxxxxxxxxxxx
0000000000000100
0000000000000100
0000000000000100
0000000000000100
0000000000000100
0000000000000100
0000000000000100
0000000000000100
0000000000010000
0000000000010000
0000000000010000
0000000000010000
0000000000010000
0000000000010000
0000000000010000
0000000000010000
0000000000010000
0000000000010000
0000000000010000
0000000000010000
0000000000010000
0000000000010000
0000000000010000
0000000000010000
0000000000010000
0000000000010000
0000000000010000
0000000000010000
0000000000010000
0000000000010000
0010111100001011
0100100101110001
0010110010001010
1000110101010100
0000000000000010
0000000000000000
0000001100001100
xxxxxxxxxxxxxxxx
0000001100001011
xxxxxxxxxxxxxxxx
0000001100001111
xxxxxxxxxxxxxxxx
0000001100010000
xxxxxxxxxxxxxxxx
0000001100010111
xxxxxxxxxxxxxxxx
0000001100011000
xxxxxxxxxxxxxxxx
0000001100000111
xxxxxxxxxxxxxxxx
0000001011110011
xxxxxxxxxxxxxxxx
0000001011100100
xxxxxxxxxxxxxxxx
0000001011011111
xxxxxxxxxxxxxxxx
0000001010110000
xxxxxxxxxxxxxxxx
0000000111000111
xxxxxxxxxxxxxxxx
0000000111001000
xxxxxxxxxxxxxxxx
0000000110111111
xxxxxxxxxxxxxxxx
0000000110101100
xxxxxxxxxxxxxxxx
0000000110011000
xxxxxxxxxxxxxxxx
0000000000000100
0000000000000100
0000000000000100
0000000000000100
0000000000000100
0000000000000100
0000000000000100
0000000000000100
0000000000010000
0000000000010000
0000000000010000
0000000000010000
0000000000010000
0000000000010000
0000000000010000
0000000000010000
0000000000010000
0000000000010000
0000000000010000
0000000000010000
0000000000010000
0000000000010000
0000000000010000
0000000000010000
0000000000010000
0000000000010000
0000000000010000
0000000000010000
0000000000010000
0000000000010000
0010111100001011
0100100101110001
0010110010001010
1000110101010100
0000000000000011
0000000000000000
0000001100001100
xxxxxxxxxxxxxxxx
0000001100001011
xxxxxxxxxxxxxxxx
0000001100001111
xxxxxxxxxxxxxxxx
0000001100010000
xxxxxxxxxxxxxxxx
0000001100010111
xxxxxxxxxxxxxxxx
0000001100011000
xxxxxxxxxxxxxxxx
0000001100000111
xxxxxxxxxxxxxxxx
0000001011110100
xxxxxxxxxxxxxxxx
0000001011100100
xxxxxxxxxxxxxxxx
0000001011011111
xxxxxxxxxxxxxxxx
0000001010110000
xxxxxxxxxxxxxxxx
0000000111000111
xxxxxxxxxxxxxxxx
0000000111001000
xxxxxxxxxxxxxxxx
0000000110111111
xxxxxxxxxxxxxxxx
0000000110101100
xxxxxxxxxxxxxxxx
0000000110011011
xxxxxxxxxxxxxxxx
0000000000000100
0000000000000100
0000000000000100
0000000000000100
0000000000000100
0000000000000100
0000000000000100
0000000000000100
0000000000010000
0000000000010000
0000000000010000
0000000000010000
0000000000010000
0000000000010000
0000000000010000
0000000000010000
0000000000010000
0000000000010000
0000000000010000
0000000000010000
0000000000010000
0000000000010000
0000000000010000
0000000000010000
0000000000010000
0000000000010000
0000000000010000
0000000000010000
0000000000010000
0000000000010000
0010111100001011
0100100101110001
0010110010001010
1000110101010100
0000000000000100
0000000000000000
0000001100001100
xxxxxxxxxxxxxxxx
0000001100001011
xxxxxxxxxxxxxxxx
0000001100001111
xxxxxxxxxxxxxxxx
0000001100010000
xxxxxxxxxxxxxxxx
0000001100010111
xxxxxxxxxxxxxxxx
0000001100011000
xxxxxxxxxxxxxxxx
0000001100000111
xxxxxxxxxxxxxxxx
0000001011110100
xxxxxxxxxxxxxxxx
0000001011100100
xxxxxxxxxxxxxxxx
0000001011011111
xxxxxxxxxxxxxxxx
0000001010110000
xxxxxxxxxxxxxxxx
0000000111000111
xxxxxxxxxxxxxxxx
0000000111001000
xxxxxxxxxxxxxxxx
0000000110111111
xxxxxxxxxxxxxxxx
0000000110101100
xxxxxxxxxxxxxxxx
0000000110011000
xxxxxxxxxxxxxxxx
0000000000000100
0000000000000100
0000000000000100
0000000000000100
0000000000000100
0000000000000100
0000000000000100
0000000000000100
0000000000010000
0000000000010000
0000000000010000
0000000000010000
0000000000010000
0000000000010000
0000000000010000
0000000000010000
0000000000010000
0000000000010000
0000000000010000
0000000000010000
0000000000010000
0000000000010000
0000000000010000
0000000000010000
0000000000010000
0000000000010000
0000000000010000
0000000000010000
0000000000010000
0000000000010000
0010111100001011
0100100101110001
0010110010001010
1000110101010100
0000000000000101
0000000000000000
0000001100001100
xxxxxxxxxxxxxxxx
0000001100001011
xxxxxxxxxxxxxxxx
0000001100001111
xxxxxxxxxxxxxxxx
0000001100010000
xxxxxxxxxxxxxxxx
0000001100010111
xxxxxxxxxxxxxxxx
0000001100011000
xxxxxxxxxxxxxxxx
0000001100000111
xxxxxxxxxxxxxxxx
0000001011110011
xxxxxxxxxxxxxxxx
0000001011100100
xxxxxxxxxxxxxxxx
0000001011011111
xxxxxxxxxxxxxxxx
0000001010110000
xxxxxxxxxxxxxxxx
0000000111000111
xxxxxxxxxxxxxxxx
0000000111001000
xxxxxxxxxxxxxxxx
0000000110111111
xxxxxxxxxxxxxxxx
0000000110101100
xxxxxxxxxxxxxxxx
0000000110011000
xxxxxxxxxxxxxxxx
0000000000000100
0000000000000100
0000000000000100
0000000000000100
0000000000000100
0000000000000100
0000000000000100
0000000000000100
0000000000010000
0000000000010000
0000000000010000
0000000000010000
0000000000010000
0000000000010000
0000000000010000
0000000000010000
0000000000010000
0000000000010000
0000000000010000
0000000000010000
0000000000010000
0000000000010000
0000000000010000
0000000000010000
0000000000010000
0000000000010000
0000000000010000
0000000000010000
0000000000010000
0000000000010000
0010111100001011
0100100101110001
0010110010001010
1000110101010100
0000000000000110
0000000000000000
0000001100001100
xxxxxxxxxxxxxxxx
0000001100001011
xxxxxxxxxxxxxxxx
0000001100001111
xxxxxxxxxxxxxxxx
0000001100010000
xxxxxxxxxxxxxxxx
0000001100010111
xxxxxxxxxxxxxxxx
0000001100011000
xxxxxxxxxxxxxxxx
0000001100000111
xxxxxxxxxxxxxxxx
0000001011110011
xxxxxxxxxxxxxxxx
0000001011100100
xxxxxxxxxxxxxxxx
0000001011011111
xxxxxxxxxxxxxxxx
0000001010110000
xxxxxxxxxxxxxxxx
0000000111000111
xxxxxxxxxxxxxxxx
0000000111001000
xxxxxxxxxxxxxxxx
0000000110111111
xxxxxxxxxxxxxxxx
0000000110101100
xxxxxxxxxxxxxxxx
0000000110011011
xxxxxxxxxxxxxxxx
0000000000000100
0000000000000100
0000000000000100
0000000000000100
0000000000000100
0000000000000100
0000000000000100
0000000000000100
0000000000010000
0000000000010000
0000000000010000
0000000000010000
0000000000010000
0000000000010000
0000000000010000
0000000000010000
0000000000010000
0000000000010000
0000000000010000
0000000000010000
0000000000010000
0000000000010000
0000000000010000
0000000000010000
0000000000010000
0000000000010000
0000000000010000
0000000000010000
0000000000010000
0000000000010000
0010111100001011
0100100101110001
0010110010001010
1000110101010100
0000000000000111
0000000000000000
0000001100001100
xxxxxxxxxxxxxxxx
0000001100001011
xxxxxxxxxxxxxxxx
0000001100001111
xxxxxxxxxxxxxxxx
0000001100010000
xxxxxxxxxxxxxxxx
0000001100010111
xxxxxxxxxxxxxxxx
0000001100011000
xxxxxxxxxxxxxxxx
0000001100000111
xxxxxxxxxxxxxxxx
0000001011110011
xxxxxxxxxxxxxxxx
0000001011100100
xxxxxxxxxxxxxxxx
0000001011011111
xxxxxxxxxxxxxxxx
0000001010110000
xxxxxxxxxxxxxxxx
0000000111000111
xxxxxxxxxxxxxxxx
0000000111001000
xxxxxxxxxxxxxxxx
0000000110111111
xxxxxxxxxxxxxxxx
0000000110101100
xxxxxxxxxxxxxxxx
0000000110011000
xxxxxxxxxxxxxxxx
0000000000000100
0000000000000100
0000000000000100
0000000000000100
0000000000000100
0000000000000100
0000000000000100
0000000000000100
0000000000010000
0000000000010000
0000000000010000
0000000000010000
0000000000010000
0000000000010000
0000000000010000
0000000000010000
0000000000010000
0000000000010000
0000000000010000
0000000000010000
0000000000010000
0000000000010000
0000000000010000
0000000000010000
0000000000010000
0000000000010000
0000000000010000
0000000000010000
0000000000010000
0000000000010000
0010111100001011
0100100101110001
0010110010001010
1000110101010100
0000000000001000
0000000000000000