0 
32962 
1 
33964 
2 
25397 
3 
34047 
4 
30956 
5 
25073 
6 
27063 
7 
30016 
8 
34533 
9 
34614 
10 
25734 
11 
34677 
12 
34529 
13 
29339 
14 
32803 
15 
25561 
16 
28639 
17 
34073 
18 
32714 
19 
34554 
20 
31213 
21 
24393 
22 
33340 
23 
34274 
24 
31466 
25 
32335 
26 
32174 
27 
28314 
28 
31210 
29 
25883 
30 
31767 
31 
24350 
32 
27046 
33 
24508 
34 
25068 
35 
33058 
36 
31643 
37 
27488 
38 
34452 
39 
24379 
40 
28826 
41 
28197 
42 
32421 
43 
32747 
44 
26056 
45 
29387 
46 
28901 
47 
31109 
48 
31803 
49 
32302 
50 
27036 
51 
31477 
52 
31206 
53 
25789 
54 
25309 
55 
29482 
56 
34557 
57 
27744 
58 
30438 
59 
26462 
60 
32264 
61 
26806 
62 
29566 
63 
31690 
64 
33800 
65 
34552 
66 
30019 
67 
25525 
68 
25642 
69 
26833 
70 
33248 
71 
26797 
72 
32957 
73 
26679 
74 
34222 
75 
27850 
76 
26163 
77 
26762 
78 
30776 
79 
29206 
80 
27868 
81 
33139 
82 
30438 
83 
30047 
84 
34089 
85 
27144 
86 
32329 
87 
32291 
88 
28185 
89 
30246 
90 
24834 
91 
24593 
92 
29839 
93 
32571 
94 
34274 
95 
25429 
96 
30257 
97 
29163 
98 
24131 
99 
27708 
100 
25784 
101 
32737 
102 
27423 
103 
29814 
104 
25822 
105 
30622 
106 
26893 
107 
31195 
108 
31581 
109 
32230 
110 
28956 
111 
24922 
112 
26519 
113 
34047 
114 
25676 
115 
33084 
116 
29922 
117 
34957 
118 
24860 
119 
28869 
120 
25173 
121 
34581 
122 
24051 
123 
32524 
124 
32990 
125 
33556 
126 
24929 
127 
28398 
128 
300 
