0 
47777 
2 
48870 
4 
39524 
6 
48961 
8 
45588 
10 
39170 
12 
41342 
14 
44563 
16 
49490 
18 
49579 
20 
39891 
22 
49647 
24 
49486 
26 
43825 
28 
47603 
30 
39703 
32 
43061 
34 
48989 
36 
47506 
38 
49514 
40 
45869 
42 
38429 
44 
48190 
46 
49208 
48 
46145 
50 
47093 
52 
46918 
54 
42707 
56 
45866 
58 
40054 
60 
46473 
62 
38382 
64 
41323 
66 
38554 
68 
39166 
70 
47881 
72 
46338 
74 
41805 
76 
49403 
78 
38413 
80 
43265 
82 
42579 
84 
47186 
86 
47542 
88 
40242 
90 
43877 
92 
43347 
94 
45756 
96 
46512 
98 
47056 
100 
41312 
102 
46156 
104 
45861 
106 
39951 
108 
39428 
110 
43980 
112 
49517 
114 
42085 
116 
45023 
118 
40686 
120 
47015 
122 
41061 
124 
44071 
126 
46389 
128 
48691 
130 
49511 
132 
44567 
134 
39663 
136 
39792 
138 
41090 
140 
48089 
142 
41051 
144 
47771 
146 
40922 
148 
49151 
150 
42200 
152 
40359 
154 
41013 
156 
45393 
158 
43679 
160 
42220 
162 
47970 
164 
45023 
166 
44597 
168 
49006 
170 
41430 
172 
47086 
174 
47045 
176 
42565 
178 
44814 
180 
38910 
182 
38647 
184 
44370 
186 
47350 
188 
49208 
190 
39559 
192 
44826 
194 
43633 
196 
38143 
198 
42045 
200 
39946 
202 
47531 
204 
41735 
206 
44342 
208 
39988 
210 
45224 
212 
41156 
214 
45849 
216 
46271 
218 
46978 
220 
43406 
222 
39006 
224 
40748 
226 
48960 
228 
39829 
230 
47910 
232 
44460 
234 
49954 
236 
38938 
238 
43312 
240 
39280 
242 
49543 
244 
38056 
246 
47299 
248 
47808 
250 
48424 
252 
39013 
254 
42797 
512 
30 
